2.673972640370547271e-05 7.224198141377034366e-08 -3.169700645122603266e-09 4.815213407199130518e-09 -3.490531830303704964e-07 -8.226465362628685808e-08 4.157227328055384346e-08 8.375471209736714658e-10 9.131133995143093494e-13 1.736099522009539308e-09
7.224198141377034366e-08 2.711127220377365280e-05 1.178555514616079017e-08 5.237423333475006889e-09 -7.760739264233925035e-09 2.506062695750188419e-08 3.975502812388022616e-08 1.069577353635001697e-09 1.769233412945720776e-12 4.943982041539247495e-08
-3.169700645122603266e-09 1.178555514616079348e-08 3.025713720625079717e-06 3.739239262034504913e-09 1.445243322085185915e-07 4.771497601927242127e-08 2.082179390547666515e-08 6.559159872345915611e-10 9.791791087262057179e-13 1.272997291722759447e-07
4.815213407199130518e-09 5.237423333475006062e-09 3.739239262034504913e-09 1.823260960645838453e-07 6.597624603091061483e-08 1.992603576892858889e-08 2.910059430310244184e-08 7.579053807945366715e-10 1.166151527077945862e-12 4.367682577282425351e-08
-3.490531830303703375e-07 -7.760739264233913455e-09 1.445243322085185915e-07 6.597624603091061483e-08 3.645493285338363752e-05 8.417621506455184675e-07 2.418300971607758869e-06 8.023098638903598025e-09 1.751820408538353941e-11 8.133875024655951833e-06
-8.226465362628687132e-08 2.506062695750188750e-08 4.771497601927242127e-08 1.992603576892859220e-08 8.417621506455185734e-07 1.082629658614096249e-05 5.431134072549117811e-07 3.836767045605138190e-09 5.768285974569801408e-12 1.002149255521687547e-06
4.157227328055386332e-08 3.975502812388022616e-08 2.082179390547666515e-08 2.910059430310244515e-08 2.418300971607758869e-06 5.431134072549117811e-07 9.229968515934048606e-06 3.879213075500831428e-09 6.928110814363740626e-12 -4.252925810363682306e-08
8.375471209736715692e-10 1.069577353635001697e-09 6.559159872345918713e-10 7.579053807945366715e-10 8.023098638903599680e-09 3.836767045605138190e-09 3.879213075500831428e-09 5.823212704304272603e-08 2.542768196664469860e-13 7.062951535387704319e-09
9.131133995143095513e-13 1.769233412945721786e-12 9.791791087262059199e-13 1.166151527077945862e-12 1.751820408538353941e-11 5.768285974569801408e-12 6.928110814363740626e-12 2.542768196664469860e-13 5.477599243794594892e-08 9.567602087993020384e-12
1.736099522009479958e-09 4.943982041539247495e-08 1.272997291722759447e-07 4.367682577282426675e-08 8.133875024655951833e-06 1.002149255521687335e-06 -4.252925810363666424e-08 7.062951535387704319e-09 9.567602087993022000e-12 2.058660551838535369e-05
1.090955388136195976e-02 4.309964992225683890e-03 -7.740506400840767287e-05 2.039460784689411423e-03 1.601902666187025870e-02 1.849642065090333423e-02 1.927349364992729866e-02 3.916040532877925677e-04 6.894624389987049273e-07 6.900457292097992093e-03
4.309964992225683890e-03 2.063486098617155901e-03 -9.373270922132631003e-05 6.283837714103627159e-04 4.902912957535416130e-03 5.906070401511932452e-03 6.166039962833901912e-03 1.335769346801629078e-04 2.360397270328697524e-07 2.453176019687323007e-03
-7.740506400840772708e-05 -9.373270922132632358e-05 1.849161609630577455e-04 2.696907253636443271e-05 2.123362302070759306e-04 1.068719152388275973e-04 9.846349204938381811e-05 -1.182663111071967982e-06 -7.489741773263943290e-10 -1.653449114369229451e-04
2.039460784689411423e-03 6.283837714103627159e-04 2.696907253636443609e-05 5.489296145551720262e-04 4.384557889519483109e-03 4.769898386365762147e-03 4.970914975313150443e-03 9.353472165461305021e-05 1.629306545619656836e-07 1.419635414955178762e-03
1.601902666187025870e-02 4.902912957535416130e-03 2.123362302070759848e-04 4.384557889519483109e-03 3.687892503323008525e-02 3.830073844151587331e-02 3.991750778953196549e-02 7.470664713032956587e-04 1.298067550199233090e-06 1.095081962910740038e-02
1.849642065090333423e-02 5.906070401511932452e-03 1.068719152388276380e-04 4.769898386365762147e-03 3.830073844151587331e-02 4.396116490229513146e-02 4.439710171517221443e-02 8.404868599270945819e-04 1.463830003730131558e-06 1.290278673984580210e-02
1.927349364992729866e-02 6.166039962833901912e-03 9.846349204938381811e-05 4.970914975313150443e-03 3.991750778953196549e-02 4.439710171517221443e-02 4.612666292618561314e-02 8.736822269233942206e-04 1.520560711427199363e-06 1.338134171519385525e-02
3.916040532877925677e-04 1.335769346801629078e-04 -1.182663111071969040e-06 9.353472165461305021e-05 7.470664713032954419e-04 8.404868599270945819e-04 8.736822269233943290e-04 1.704245282860433289e-05 2.967094426591663687e-08 2.760393575213639723e-04
6.894624389987048214e-07 2.360397270328697260e-07 -7.489741773263929848e-10 1.629306545619656836e-07 1.298067550199233090e-06 1.463830003730131558e-06 1.520560711427199787e-06 2.967094426591663025e-08 5.482805881164294950e-08 4.919514135403035219e-07
6.900457292097992093e-03 2.453176019687323007e-03 -1.653449114369230264e-04 1.419635414955178762e-03 1.095081962910739865e-02 1.290278673984580210e-02 1.338134171519385525e-02 2.760393575213639723e-04 4.919514135403035219e-07 6.688303607525224181e-03
2.658204650264466842e-05 8.385085376943748684e-08 1.589933196146064833e-08 5.909510314604666866e-09 -4.368635578617776679e-07 -2.423929659799251085e-07 -1.096572366366754412e-08 1.390726438524442215e-09 2.441078511962718207e-12 4.907893508833925122e-07
8.385085376943748684e-08 2.710387813188819641e-05 1.814963098672221450e-08 6.719215625122837289e-09 -4.072282521174140921e-08 -4.101851658782409957e-08 1.895487511840430033e-08 7.035683658080588202e-10 1.379695232229231335e-12 -1.748440564531224905e-07
1.589933196146065826e-08 1.814963098672221450e-08 3.169002831931550596e-06 -5.870372192441048349e-09 4.044544726783005643e-07 8.986371460980492803e-07 3.808462160078581997e-08 2.650826662705860446e-09 4.103514163908908031e-12 -8.132025321987333024e-06
5.909510314604668521e-09 6.719215625122837289e-09 -5.870372192441046694e-09 1.930564460465105344e-07 5.812922160877634833e-08 9.842482989829999820e-08 4.033481424759293557e-08 2.025836834555945222e-09 2.517425670024799457e-12 -1.327467872617519601e-07
-4.368635578617778267e-07 -4.072282521174140921e-08 4.044544726783005643e-07 5.812922160877635495e-08 6.153835302687473416e-05 4.243359300808318861e-05 2.433448060619363752e-06 4.067696979450047433e-08 7.604794923061938652e-11 -5.129699340907917600e-06
-2.423929659799252144e-07 -4.101851658782409957e-08 8.986371460980492803e-07 9.842482989829999820e-08 4.243359300808317505e-05 1.958040539466211749e-04 1.022621474487351346e-05 9.328486710442645540e-08 1.671992436643202118e-10 -4.043110313765544566e-05
-1.096572366366751599e-08 1.895487511840430695e-08 3.808462160078582659e-08 4.033481424759292895e-08 2.433448060619363752e-06 1.022621474487351346e-05 8.627633212079784551e-06 1.381327712999047039e-08 2.222734894164934029e-11 1.751232607723742722e-06
1.390726438524442629e-09 7.035683658080589236e-10 2.650826662705860446e-09 2.025836834555945222e-09 4.067696979450047433e-08 9.328486710442645540e-08 1.381327712999047039e-08 5.806272781240646952e-08 8.598674824370315536e-13 -9.099880762270993732e-08
2.441078511962718207e-12 1.379695232229231335e-12 4.103514163908909646e-12 2.517425670024798649e-12 7.604794923061938652e-11 1.671992436643202376e-10 2.222734894164933706e-11 8.598674824370315536e-13 5.477599340252314057e-08 -9.781924326556319540e-11
4.907893508833924063e-07 -1.748440564531225699e-07 -8.132025321987334718e-06 -1.327467872617520130e-07 -5.129699340907912517e-06 -4.043110313765543889e-05 1.751232607723743781e-06 -9.099880762270988438e-08 -9.781924326556319540e-11 6.396482673702131401e-04
4.694021138950549028e-05 1.142966458323548954e-05 4.408506220443026189e-05 2.914712813851167545e-07 1.249888608932122552e-06 -6.206180922664070456e-06 1.223507888698267959e-06 -1.736385084748777186e-08 1.304633868513988849e-11 -2.059166830106911516e-06
1.142966458323548784e-05 4.898762785739644844e-05 9.096808361923471942e-05 6.561486172398200364e-07 2.158552989037336794e-06 -7.373321301713130027e-06 4.020043587525629980e-06 1.796170227863421101e-08 7.427666134966076654e-11 -5.996349133677069766e-06
4.408506220443025511e-05 9.096808361923471942e-05 5.732410418400214931e-03 2.086718650747537284e-05 3.094407023374263680e-05 -6.178265352926447674e-05 1.312503872833585051e-04 1.255254856052672962e-06 2.876582386473462804e-09 -1.223757283125092394e-03
2.914712813851167545e-07 6.561486172398202481e-07 2.086718650747537961e-05 4.509267752887080330e-07 1.534000267445783766e-06 -4.327093769502502922e-07 1.509098181391316886e-06 2.914282547319957043e-08 5.446941245302422608e-11 -3.702367261737545094e-06
1.249888608932122340e-06 2.158552989037336794e-06 3.094407023374262325e-05 1.534000267445783766e-06 3.689961474557128848e-05 5.691490504046349769e-07 9.492584729867828823e-06 2.221046591269763763e-07 3.767255464458787345e-10 -6.699368717630622481e-06
-6.206180922664069609e-06 -7.373321301713130027e-06 -6.178265352926446319e-05 -4.327093769502502393e-07 5.691490504046354004e-07 6.672250547784071208e-05 -3.985924094328736744e-07 2.026659958857335168e-07 -6.492707878018854224e-11 -5.562184529727557736e-05
1.223507888698267535e-06 4.020043587525629980e-06 1.312503872833585051e-04 1.509098181391316886e-06 9.492584729867827129e-06 -3.985924094328740450e-07 1.808998045238738824e-05 1.703584916739323448e-07 3.266794809321123637e-10 -2.087219888234920776e-05
-1.736385084748778178e-08 1.796170227863420440e-08 1.255254856052672962e-06 2.914282547319957043e-08 2.221046591269763763e-07 2.026659958857335168e-07 1.703584916739323448e-07 6.861295869440655715e-08 8.240593469526049614e-12 -4.455162110497761574e-07
1.304633868513987395e-11 7.427666134966077946e-11 2.876582386473463217e-09 5.446941245302422608e-11 3.767255464458786828e-10 -6.492707878018855517e-11 3.266794809321123120e-10 8.240593469526049614e-12 5.477600667308374214e-08 -3.156565361199917397e-10
-2.059166830106912787e-06 -5.996349133677073154e-06 -1.223757283125092394e-03 -3.702367261737545094e-06 -6.699368717630622481e-06 -5.562184529727556381e-05 -2.087219888234920776e-05 -4.455162110497761045e-07 -3.156565361199917397e-10 1.151919032951527954e-03
3.840263691273146780e-05 -5.865904273014157740e-05 -2.080798884327775307e-06 3.741937491297920611e-07 1.797476536279730679e-06 2.861223820709766316e-07 1.663016241023864671e-06 5.050090695477504831e-08 9.133791987693702451e-11 -3.205840868241390977e-05
-5.865904273014159096e-05 1.316266510996882272e-02 3.154083229692532155e-04 -1.997830663182729435e-05 -2.108177015028551786e-04 -3.990327339887289783e-05 -8.293933974250516548e-05 -3.184821416680074450e-06 -6.489548728844135986e-09 4.148398701427865633e-03
-2.080798884327775307e-06 3.154083229692532155e-04 2.029730925619010654e-05 -1.190891197656595211e-06 -1.082232912406588551e-05 -3.804079552792012305e-06 -5.666280437950682189e-06 -1.898017453283577443e-07 -3.688001512941652770e-10 1.211932550227456679e-04
3.741937491297920611e-07 -1.997830663182729435e-05 -1.190891197656595211e-06 4.734096011143592786e-07 2.089791705787808157e-06 9.875426803908626071e-07 1.341709521505571862e-06 4.352797260484515313e-08 8.109403863303521518e-11 -9.928722969300813700e-06
1.797476536279730255e-06 -2.108177015028552057e-04 -1.082232912406588720e-05 2.089791705787808157e-06 4.847955664428610638e-05 7.704413322767997283e-06 1.137624522895469399e-05 3.240299199789737816e-07 6.115018356187414519e-10 -9.615631690980501738e-05
2.861223820709763139e-07 -3.990327339887289783e-05 -3.804079552792012305e-06 9.875426803908626071e-07 7.704413322767997283e-06 1.884731545084595032e-05 5.845913540625418421e-06 1.645235815363053032e-07 3.084166719911917651e-10 -3.281284146676673906e-05
1.663016241023864671e-06 -8.293933974250516548e-05 -5.666280437950683036e-06 1.341709521505572285e-06 1.137624522895469399e-05 5.845913540625418421e-06 1.600735220249891372e-05 2.210472071159377046e-07 4.116760253458216151e-10 -4.535355719636884210e-05
5.050090695477504831e-08 -3.184821416680074450e-06 -1.898017453283577178e-07 4.352797260484515313e-08 3.240299199789737816e-07 1.645235815363053032e-07 2.210472071159377046e-07 6.470760234588922430e-08 1.363474905880704741e-11 -1.560705517098765465e-06
9.133791987693701158e-11 -6.489548728844136813e-09 -3.688001512941652253e-10 8.109403863303521518e-11 6.115018356187416587e-10 3.084166719911917651e-10 4.116760253458215634e-10 1.363474905880704741e-11 5.477601773726547354e-08 -2.910433180965605513e-09
-3.205840868241390299e-05 4.148398701427865633e-03 1.211932550227456679e-04 -9.928722969300813700e-06 -9.615631690980501738e-05 -3.281284146676673906e-05 -4.535355719636883533e-05 -1.560705517098765042e-06 -2.910433180965605927e-09 2.570776762574922790e-03
2.740851198352774323e-05 3.235221381517098488e-07 1.152320222429344321e-07 2.692827064974224629e-08 3.949660565681712607e-07 1.437999446879217381e-07 1.913358724032560005e-07 3.164930242118897154e-09 6.076500669493050114e-12 3.137048519879676668e-07
3.235221381517098488e-07 2.766798441364968459e-05 6.923946455390347573e-08 1.199831553483131559e-08 -1.472200581205694782e-08 2.613376554507868382e-08 7.783458544446938062e-08 1.246987784976644358e-09 2.398245782406959502e-12 1.108892470395593541e-07
1.152320222429344056e-07 6.923946455390347573e-08 4.717216972143804666e-06 2.102347678741937582e-08 -1.082275534410695650e-07 5.031309967260499800e-08 5.835603270834553644e-08 1.742982335433329289e-10 2.814868173769183781e-12 2.115967195043930044e-07
2.692827064974224298e-08 1.199831553483131559e-08 2.102347678741937582e-08 1.865147683107039985e-07 8.662704658536940210e-08 2.332936004895193217e-08 4.276285973071974800e-08 9.657477121003212115e-10 1.831147212627541248e-12 3.485662362281822537e-08
3.949660565681712607e-07 -1.472200581205693789e-08 -1.082275534410695386e-07 8.662704658536940210e-08 3.191339147343661157e-05 1.539072113817440652e-07 1.594140134573024581e-06 6.446640708007943986e-09 1.466792678308619035e-11 4.119408895349057700e-06
1.437999446879217381e-07 2.613376554507866727e-08 5.031309967260499138e-08 2.332936004895193217e-08 1.539072113817441711e-07 1.182105859338563402e-05 5.230530504641208654e-07 5.324827648342500639e-09 7.192819487201106836e-12 1.047977633457464980e-07
1.913358724032560270e-07 7.783458544446938062e-08 5.835603270834553644e-08 4.276285973071974800e-08 1.594140134573024581e-06 5.230530504641208654e-07 9.276484032313761044e-06 5.618057671219593541e-09 1.021217189867214366e-11 1.107147539851655448e-07
3.164930242118896327e-09 1.246987784976644358e-09 1.742982335433327221e-10 9.657477121003212115e-10 6.446640708007943159e-09 5.324827648342500639e-09 5.618057671219593541e-09 5.768913444414416540e-08 3.404677835060929577e-13 3.150064041881608401e-09
6.076500669493049306e-12 2.398245782406959502e-12 2.814868173769184589e-12 1.831147212627540844e-12 1.466792678308619035e-11 7.192819487201106836e-12 1.021217189867214366e-11 3.404677835060929577e-13 5.477599259617362252e-08 6.372292439936570653e-12
3.137048519879675080e-07 1.108892470395593674e-07 2.115967195043930573e-07 3.485662362281822537e-08 4.119408895349057700e-06 1.047977633457464847e-07 1.107147539851655581e-07 3.150064041881608401e-09 6.372292439936569845e-12 1.689181153727753164e-05
2.658505982933773287e-05 8.823741455639301117e-08 9.320507821112973657e-08 2.036176269512145360e-08 4.074914447562973503e-07 -4.371933875236588135e-07 5.196456361562492128e-08 2.867561980412245002e-09 4.274992990860491366e-12 4.480742718796800816e-07
8.823741455639302440e-08 2.717105525916388076e-05 6.724272303501393631e-08 1.408364837747959854e-08 2.719540976990304459e-08 7.252080453293087767e-08 7.105597020191748231e-08 1.700490675509946917e-09 3.186844162194556450e-12 2.297252783637450147e-07
9.320507821112974981e-08 6.724272303501393631e-08 4.768475430153805281e-06 5.260932176914919209e-08 9.988391335217362644e-08 -6.641279340214779250e-07 5.752405798059788126e-08 1.007569148158514270e-08 9.580704301027608957e-12 6.224134571882164049e-07
2.036176269512145360e-08 1.408364837747959854e-08 5.260932176914919209e-08 1.979672295190898732e-07 1.986995943196236297e-07 -1.922461729704768042e-08 8.258249148362179815e-08 2.083459996138269425e-09 4.193230666307080063e-12 1.189892489030469124e-07
4.074914447562974562e-07 2.719540976990306114e-08 9.988391335217362644e-08 1.986995943196236297e-07 4.577258160318315030e-05 1.134054103432805128e-05 1.573829050716866853e-06 1.166427386603361557e-08 4.923717561830612160e-11 7.329113609575463573e-06
-4.371933875236588135e-07 7.252080453293087767e-08 -6.641279340214779250e-07 -1.922461729704765395e-08 1.134054103432805128e-05 1.406586443273096540e-04 6.459070167867053852e-06 -3.267375385618887310e-08 4.644205294359199425e-11 1.089305610557320060e-06
5.196456361562492128e-08 7.105597020191746908e-08 5.752405798059784818e-08 8.258249148362179815e-08 1.573829050716866430e-06 6.459070167867053852e-06 8.819928987074112257e-06 6.935949450406247063e-09 2.262307495718821697e-11 6.636243186044332905e-07
2.867561980412245415e-09 1.700490675509946710e-09 1.007569148158514270e-08 2.083459996138269012e-09 1.166427386603361557e-08 -3.267375385618887972e-08 6.935949450406245409e-09 5.835544282465560473e-08 5.601944363368520814e-13 1.804787919310783692e-08
4.274992990860491366e-12 3.186844162194556450e-12 9.580704301027608957e-12 4.193230666307080063e-12 4.923717561830612160e-11 4.644205294359200718e-11 2.262307495718821697e-11 5.601944363368520814e-13 5.477599316944464772e-08 2.861559417993442400e-11
4.480742718796800816e-07 2.297252783637450411e-07 6.224134571882165108e-07 1.189892489030468859e-07 7.329113609575463573e-06 1.089305610557320060e-06 6.636243186044332905e-07 1.804787919310783692e-08 2.861559417993442400e-11 1.950942658887035370e-05
2.642057887254781808e-05 3.995733344752335471e-08 3.248962065043591088e-09 5.582012059649197992e-09 -7.764783495837285421e-07 7.650418084690762524e-08 8.966697229737583330e-08 1.537847302901048694e-10 -1.524520075704320556e-13 -8.998908752925778765e-07
3.995733344752335471e-08 2.713123065189927441e-05 8.279623347684233663e-09 4.342698818763859662e-09 -1.103471563055159685e-07 8.356359333267161994e-09 9.233611027725893308e-09 4.337811996378489492e-10 7.413095824777740851e-13 -1.030240898563970108e-08
3.248962065043591916e-09 8.279623347684233663e-09 3.078839168608998748e-06 1.836562390355510658e-09 3.731693868672601952e-07 2.832500707353355010e-08 2.552366767639995056e-08 5.327115401819958375e-11 1.010331057205361095e-12 -2.277678096126605988e-07
5.582012059649197164e-09 4.342698818763859662e-09 1.836562390355510245e-09 1.773464502190439078e-07 1.091179419675542138e-08 8.639567433744615722e-09 1.091244807249162825e-08 4.150582751852680672e-10 6.228357127121247212e-13 1.010916936759303473e-08
-7.764783495837283303e-07 -1.103471563055160082e-07 3.731693868672601952e-07 1.091179419675542138e-08 1.011139648581505624e-04 2.024654266715784111e-06 1.322815104309352324e-06 1.054495327457064896e-07 2.633538753625033423e-10 -4.360942062327215122e-06
7.650418084690762524e-08 8.356359333267161994e-09 2.832500707353354348e-08 8.639567433744617376e-09 2.024654266715783688e-06 1.430130025281435044e-05 5.212521008531854571e-07 8.760979723570516499e-09 2.564264322906162616e-12 -1.453746960118116033e-06
8.966697229737583330e-08 9.233611027725891653e-09 2.552366767639995056e-08 1.091244807249162825e-08 1.322815104309352536e-06 5.212521008531853512e-07 8.794744580111436694e-06 2.325214041274090046e-09 -2.934972509028092546e-12 -2.808337986043318231e-07
1.537847302901048953e-10 4.337811996378489492e-10 5.327115401819958375e-11 4.150582751852680672e-10 1.054495327457064896e-07 8.760979723570513190e-09 2.325214041274089633e-09 5.984429060745416097e-08 1.075360701919526102e-12 -2.045734435140668902e-08
-1.524520075704320556e-13 7.413095824777740851e-13 1.010331057205361095e-12 6.228357127121249231e-13 2.633538753625033423e-10 2.564264322906162212e-12 -2.934972509028094162e-12 1.075360701919526102e-12 5.477599430326915355e-08 -5.229175845176454431e-11
-8.998908752925778765e-07 -1.030240898563970770e-08 -2.277678096126606253e-07 1.010916936759302812e-08 -4.360942062327213428e-06 -1.453746960118116033e-06 -2.808337986043318760e-07 -2.045734435140669233e-08 -5.229175845176454431e-11 2.280813623478911129e-05
6.729609338969934915e-05 -8.818470882511806292e-07 -5.393163380042957725e-07 -1.351995069390646926e-07 -3.482766980519167670e-06 3.002670910187810285e-06 -1.447939957570123831e-06 -4.271103523549774369e-08 -8.373896660654865101e-11 4.077765638904522156e-05
-8.818470882511808410e-07 2.932989746622854059e-05 2.993240329563747605e-07 -1.433884647378212097e-08 1.336039732897879089e-07 1.004538597580789329e-06 -1.614909997273358591e-07 -5.426569608353060578e-09 -1.263476571550251400e-11 2.899713370406749416e-06
-5.393163380042957725e-07 2.993240329563747605e-07 4.192180432898496579e-06 1.997002231350154204e-07 1.883677785163427862e-06 -8.949998653164200039e-07 9.295661591447255531e-07 2.564942101781106350e-08 4.687343144527683481e-11 -6.148048820385975874e-06
-1.351995069390646662e-07 -1.433884647378211436e-08 1.997002231350154204e-07 1.244332049516459275e-06 6.516680998038856477e-06 5.864234712671793936e-06 5.894419526204950366e-06 1.502702090778647200e-07 2.659442652371618206e-10 6.619349235875633724e-07
-3.482766980519166823e-06 1.336039732897880148e-07 1.883677785163427862e-06 6.516680998038856477e-06 8.611664956021758497e-05 1.431742350684157773e-04 4.401110494055695215e-05 9.515950517571142243e-07 1.695790847400424303e-09 -2.173385614219659965e-05
3.002670910187809861e-06 1.004538597580789541e-06 -8.949998653164202157e-07 5.864234712671793936e-06 1.431742350684157773e-04 1.573860174387512953e-03 1.134832413509331871e-04 1.195391490219987868e-06 2.315653167154094841e-09 3.219433897378615081e-05
-1.447939957570124255e-06 -1.614909997273358591e-07 9.295661591447255531e-07 5.894419526204950366e-06 4.401110494055695892e-05 1.134832413509331871e-04 4.782407246205697940e-05 8.882333679038440208e-07 1.582682281467750914e-09 8.538900949878360088e-06
-4.271103523549773707e-08 -5.426569608353060578e-09 2.564942101781106350e-08 1.502702090778647200e-07 9.515950517571142243e-07 1.195391490219987868e-06 8.882333679038440208e-07 8.003760260329157083e-08 3.979937905599010217e-11 5.921627657543623427e-08
-8.373896660654861224e-11 -1.263476571550251723e-11 4.687343144527683481e-11 2.659442652371618206e-10 1.695790847400424716e-09 2.315653167154094841e-09 1.582682281467750914e-09 3.979937905599010863e-11 5.477606278880892835e-08 1.997748916064104608e-10
4.077765638904522156e-05 2.899713370406748992e-06 -6.148048820385977568e-06 6.619349235875633724e-07 -2.173385614219659287e-05 3.219433897378617791e-05 8.538900949878360088e-06 5.921627657543625412e-08 1.997748916064103574e-10 7.990078203564325403e-04
1.234157336443145528e-03 5.002707908038758668e-04 5.196693534089536328e-04 -2.242688340874225784e-05 -2.004846500796121981e-04 -1.404664118602912126e-04 -1.503997876460972511e-04 -1.892275018831461181e-06 -3.304441971207474111e-09 2.288179579260351539e-04
5.002707908038758668e-04 1.209903094312056665e-03 3.421098110905466255e-03 -4.518715932838034301e-05 -4.676826081693775147e-04 -2.773532115052998047e-04 -3.082391125804172390e-04 -4.178952077020579346e-06 -6.194150727399407333e-09 1.298162409046976903e-03
5.196693534089536328e-04 3.421098110905466255e-03 4.129007968656125266e-02 -2.729327929853609508e-04 -2.730140510925587252e-03 -1.683267788049532757e-03 -1.884825002529395875e-03 -3.345292618768475810e-05 -5.273425244001195242e-08 7.413335705813949017e-03
-2.242688340874226122e-05 -4.518715932838034301e-05 -2.729327929853610051e-04 2.208583675661562214e-05 1.985274834576874494e-04 1.424142326312508738e-04 1.475491785440129547e-04 2.464615597732054808e-06 3.980436966711746035e-09 -4.490968097707744803e-05
-2.004846500796121981e-04 -4.676826081693775147e-04 -2.730140510925587252e-03 1.985274834576874494e-04 1.896524811960371894e-03 1.301612941306280703e-03 1.352942879466941970e-03 2.231472638104437084e-05 3.599125646084590716e-08 -5.346564498472012629e-04
-1.404664118602912397e-04 -2.773532115052999131e-04 -1.683267788049532757e-03 1.424142326312509009e-04 1.301612941306280703e-03 9.641640827081801417e-04 9.815293118294622903e-04 1.649200152432215950e-05 2.669726366840997286e-08 -2.006906129829265752e-04
-1.503997876460972511e-04 -3.082391125804172390e-04 -1.884825002529395875e-03 1.475491785440129547e-04 1.352942879466941970e-03 9.815293118294622903e-04 1.024511512874848795e-03 1.696225607968628962e-05 2.742041112709438075e-08 -2.797298560782153064e-04
-1.892275018831461604e-06 -4.178952077020578499e-06 -3.345292618768475810e-05 2.464615597732054808e-06 2.231472638104437084e-05 1.649200152432215950e-05 1.696225607968629301e-05 3.584257851186610280e-07 4.879117721214048206e-10 -2.562816507658844359e-06
-3.304441971207474938e-09 -6.194150727399407333e-09 -5.273425244001195903e-08 3.980436966711746035e-09 3.599125646084590716e-08 2.669726366840997286e-08 2.742041112709438406e-08 4.879117721214048206e-10 5.477678978223759725e-08 -2.495709944441384585e-09
2.288179579260351268e-04 1.298162409046976686e-03 7.413335705813948150e-03 -4.490968097707744125e-05 -5.346564498472012629e-04 -2.006906129829266023e-04 -2.797298560782151980e-04 -2.562816507658843512e-06 -2.495709944441382930e-09 3.247161084469609403e-03
1.885406637677166861e-02 -1.427736359596293823e-02 1.014155803377972582e-04 -9.139689038003344479e-07 -4.457903908011367510e-06 -1.033092559956731694e-04 -9.011250025602903546e-06 7.150141671388630277e-08 -1.218780190332067751e-10 -2.706780723092476731e-03
-1.427736359596293823e-02 4.901028841149586424e-02 -2.372899368133662859e-04 3.951925378061486718e-06 4.381279246774446819e-05 -2.841319526886646591e-05 2.821385148126687197e-05 -3.681927045064427910e-08 -1.790177630603887282e-11 1.185521123248272322e-02
1.014155803377972311e-04 -2.372899368133662859e-04 1.677837396661921898e-04 3.817442360807290321e-08 7.746177100410088240e-07 1.565981046212989591e-06 -1.680332597324686797e-06 2.991141361769075802e-09 7.834271702022093970e-12 -1.098031821239466260e-04
-9.139689038003344479e-07 3.951925378061487565e-06 3.817442360807290983e-08 1.933795069268644359e-07 1.097721981596241154e-07 7.549675289249691596e-08 7.303844365796255498e-08 1.899251915243293239e-09 3.415574757643934107e-12 1.051764686231657206e-06
-4.457903908011374286e-06 4.381279246774446819e-05 7.746177100410090358e-07 1.097721981596241286e-07 4.230904901323127637e-05 7.514856512133805079e-05 6.338991341837094320e-06 3.318442776027587724e-08 7.730774834875699624e-11 1.764663512636898481e-05
-1.033092559956732100e-04 -2.841319526886647607e-05 1.565981046212986838e-06 7.549675289249688949e-08 7.514856512133805079e-05 9.726413497444996378e-04 5.344014118654563943e-05 2.429723315080481348e-07 6.048545554551093542e-10 -1.191078783683080028e-05
-9.011250025602905240e-06 2.821385148126687197e-05 -1.680332597324686797e-06 7.303844365796258145e-08 6.338991341837094320e-06 5.344014118654563943e-05 1.244845583625696163e-05 2.575843628315461891e-08 5.557422647030262826e-11 7.657383801559091455e-06
7.150141671388632924e-08 -3.681927045064429234e-08 2.991141361769077043e-09 1.899251915243293239e-09 3.318442776027588385e-08 2.429723315080481348e-07 2.575843628315461891e-08 5.790312834082385663e-08 1.000851738893810757e-12 6.228060161269516673e-09
-1.218780190332068268e-10 -1.790177630603892775e-11 7.834271702022085892e-12 3.415574757643934107e-12 7.730774834875699624e-11 6.048545554551093542e-10 5.557422647030264119e-11 1.000851738893810757e-12 5.477599392934091356e-08 1.188245809217244232e-11
-2.706780723092476731e-03 1.185521123248272322e-02 -1.098031821239466260e-04 1.051764686231656994e-06 1.764663512636898481e-05 -1.191078783683080367e-05 7.657383801559088066e-06 6.228060161269515845e-09 1.188245809217242617e-11 3.184533932323634336e-03
3.718871184173307143e-02 -9.501646770605432640e-03 1.878452069991952194e-03 2.282746008750701373e-06 -2.150299458758201505e-04 -2.287598450533098304e-03 -3.562026366562282410e-05 5.551060881428908014e-07 8.141963806384298303e-10 5.563867001063935516e-03
-9.501646770605434375e-03 1.103512611554857692e-01 -1.371877453329587229e-02 1.006371117778750475e-04 1.284592451175513761e-04 -6.526823233417015924e-03 2.719150867598220519e-04 1.691302768386245429e-05 2.897015101990335768e-08 2.108171558387559805e-02
1.878452069991952194e-03 -1.371877453329587229e-02 2.343940578590552118e-02 -3.650192510611915942e-05 -3.353463425928609109e-04 -7.022710383729394547e-04 -3.186693238492983382e-04 -7.258835542489682700e-06 -1.144226941154275686e-08 -2.079400868039254103e-03
2.282746008750701373e-06 1.006371117778750475e-04 -3.650192510611915264e-05 9.080469194911602675e-06 6.117412567486852292e-05 -2.094827775003772495e-05 5.579426707319139038e-05 1.287882299640964698e-06 2.199470848009891869e-09 2.994185223097108276e-05
-2.150299458758201505e-04 1.284592451175513219e-04 -3.353463425928610193e-04 6.117412567486852292e-05 5.372604137100529939e-04 1.882081650716975333e-04 4.078667511852090348e-04 8.932019914540768933e-06 1.527714834773145574e-08 -3.286156986145021962e-05
-2.287598450533098304e-03 -6.526823233417015924e-03 -7.022710383729394547e-04 -2.094827775003772495e-05 1.882081650716975604e-04 6.219620132555574513e-03 1.352388592329802389e-04 -3.245551167752761879e-06 -5.191259970724017739e-09 -2.322894777691160862e-03
-3.562026366562279022e-05 2.719150867598219977e-04 -3.186693238492983382e-04 5.579426707319139038e-05 4.078667511852090348e-04 1.352388592329802389e-04 3.860868697371557250e-04 8.318603044879959547e-06 1.423939534637599810e-08 1.176843621746192543e-04
5.551060881428904838e-07 1.691302768386245429e-05 -7.258835542489684394e-06 1.287882299640964909e-06 8.932019914540768933e-06 -3.245551167752761879e-06 8.318603044879959547e-06 2.579019106534975059e-07 3.378292636705376841e-10 5.603142245297118421e-06
8.141963806384311745e-10 2.897015101990335107e-08 -1.144226941154275521e-08 2.199470848009891869e-09 1.527714834773145574e-08 -5.191259970724017739e-09 1.423939534637599810e-08 3.378292636705377358e-10 5.477657231350068185e-08 9.141835537681626078e-09
5.563867001063935516e-03 2.108171558387559805e-02 -2.079400868039254537e-03 2.994185223097106920e-05 -3.286156986145013831e-05 -2.322894777691160862e-03 1.176843621746192814e-04 5.603142245297117574e-06 9.141835537681626078e-09 9.543084127322959756e-03
4.981773921086221396e-05 8.060576101110630950e-06 2.414869383837089795e-07 1.243134841591078728e-06 4.047919167668881161e-06 7.416739810403238357e-06 7.463415052984103579e-06 1.454582085287677997e-07 2.247042237978651233e-10 7.677370179309122872e-06
8.060576101110630950e-06 3.451150760082498836e-05 2.620507513340340256e-07 8.442985458807285789e-07 6.385495825217948029e-06 4.369958110752353685e-06 4.543887426169119173e-06 9.046316242601334097e-08 1.469110574443260850e-10 1.550393482610236926e-06
2.414869383837089795e-07 2.620507513340340785e-07 7.594593878996534387e-06 1.749336816928584284e-06 6.892708270699704929e-06 8.300141881255374652e-06 9.229501861720752380e-06 1.787735335138194866e-07 2.943279631216892283e-10 -5.055132342006066346e-07
1.243134841591078728e-06 8.442985458807285789e-07 1.749336816928584072e-06 4.422506353310456289e-06 2.326880957934385896e-05 2.186976671920191518e-05 2.273562952953944090e-05 4.459115909408173330e-07 7.394586091415590532e-10 -2.485774655231863889e-06
4.047919167668880314e-06 6.385495825217948029e-06 6.892708270699704929e-06 2.326880957934385896e-05 2.501582481722578626e-04 1.268017864974960716e-04 1.318780674334561851e-04 2.604022452122896111e-06 4.326988986025536552e-09 -7.125007134362444606e-05
7.416739810403238357e-06 4.369958110752353685e-06 8.300141881255372958e-06 2.186976671920191179e-05 1.268017864974960716e-04 1.294738660971183253e-04 1.238248886511926700e-04 2.394770813227758087e-06 3.968532102393162131e-09 -1.917939218903250495e-05
7.463415052984103579e-06 4.543887426169119173e-06 9.229501861720752380e-06 2.273562952953944429e-05 1.318780674334561851e-04 1.238248886511926700e-04 1.373389460531120759e-04 2.489425077056367561e-06 4.128113414820698820e-09 -1.832205421221131419e-05
1.454582085287678262e-07 9.046316242601335420e-08 1.787735335138194866e-07 4.459115909408173330e-07 2.604022452122896111e-06 2.394770813227758087e-06 2.489425077056367561e-06 1.074640896395393564e-07 8.336400114982359209e-11 -2.937714129674084551e-07
2.247042237978650716e-10 1.469110574443260592e-10 2.943279631216892283e-10 7.394586091415588464e-10 4.326988986025534897e-09 3.968532102393162131e-09 4.128113414820698820e-09 8.336400114982356624e-11 5.477613112724862048e-08 -4.566644311491213114e-10
7.677370179309122872e-06 1.550393482610236079e-06 -5.055132342006077993e-07 -2.485774655231864313e-06 -7.125007134362445961e-05 -1.917939218903250834e-05 -1.832205421221131419e-05 -2.937714129674084022e-07 -4.566644311491214665e-10 2.155889457915959842e-04
4.568632198504433799e-03 2.371825523361358740e-04 1.280853106931030203e-03 2.074371637060052048e-03 9.609322073965177735e-03 8.873692357424543820e-03 9.189777003019596394e-03 -2.570912132383331578e-03 -1.724258366840248063e-03 1.458773964761144468e-03
2.371825523361358740e-04 6.924333351414048432e-02 -2.550500972409424933e-03 -8.393035501938509932e-03 8.871155639156384212e-04 9.799071438546702768e-04 3.342885899315773627e-03 4.646203649975339835e-03 -7.254378741649884429e-03 1.903953141562781531e-02
1.280853106931030203e-03 -2.550500972409424933e-03 1.007446127873006143e-02 -3.533606836416397848e-03 5.544318298817588198e-03 6.017614240497748575e-03 5.375832609942081744e-03 -2.136077990487904050e-03 -1.259718482306197750e-03 -1.844111136941066183e-03
2.074371637060052048e-03 -8.393035501938509932e-03 -3.533606836416397848e-03 4.847000563048656924e-02 1.076400911564276593e-02 -4.704933057041444169e-03 -3.046565175714536881e-03 -6.161240873608484284e-03 -4.939447178919519413e-03 2.787048403361702849e-04
9.609322073965177735e-03 8.871155639156384212e-04 5.544318298817588198e-03 1.076400911564276593e-02 2.968718017864004077e-02 2.378425941331408985e-02 2.526030563330401019e-02 -7.767649555322564577e-03 -6.814371887030781783e-03 3.017433936223000088e-03
8.873692357424543820e-03 9.799071438546702768e-04 6.017614240497748575e-03 -4.704933057041444169e-03 2.378425941331408985e-02 2.714114284170645111e-02 2.555737396546578152e-02 -6.639294291708871046e-03 -6.132660010986960321e-03 2.763094710024873758e-03
9.189777003019596394e-03 3.342885899315773627e-03 5.375832609942081744e-03 -3.046565175714536881e-03 2.526030563330401019e-02 2.555737396546578152e-02 2.666003439830000668e-02 -5.409348988940318979e-03 -4.790267111804898635e-03 2.982371914193583402e-03
-2.570912132383331578e-03 4.646203649975339835e-03 -2.136077990487904050e-03 -6.161240873608484284e-03 -7.767649555322564577e-03 -6.639294291708871046e-03 -5.409348988940318979e-03 4.268686281352898626e-02 4.088093301555587727e-02 -1.241493959384613833e-03
-1.724258366840248063e-03 -7.254378741649884429e-03 -1.259718482306197750e-03 -4.939447178919520280e-03 -6.814371887030781783e-03 -6.132660010986962056e-03 -4.790267111804900370e-03 4.088093301555587727e-02 4.467865640439763059e-02 -5.019655172859281179e-03
1.458773964761144902e-03 1.903953141562781531e-02 -1.844111136941066183e-03 2.787048403361703933e-04 3.017433936222998353e-03 2.763094710024874192e-03 2.982371914193584269e-03 -1.241493959384613833e-03 -5.019655172859281179e-03 7.742391621232188464e-03
2.645709708513828304e-05 5.275604410225747040e-08 6.367093951306355795e-09 1.818757638829518615e-09 -1.609053874893622985e-07 -1.549233790458874428e-07 9.087433812349845475e-08 -4.447691871311685453e-10 2.101478611100499013e-13 -6.039105140202134596e-07
5.275604410225747040e-08 2.722464611295376393e-05 8.617989048035329043e-09 2.529405241130142282e-09 -1.142200922079564743e-08 -1.263278619185839975e-08 4.333828172310650904e-09 2.355590182127247462e-10 4.533480509274072632e-13 -1.952571843104410346e-08
6.367093951306354968e-09 8.617989048035329043e-09 3.104848445063456092e-06 1.107779708609300553e-09 6.654742415104451303e-08 2.793858791463260887e-08 1.094468770326839850e-08 -2.970069182290681625e-10 9.843511209517081921e-13 -3.820695475934385659e-07
1.818757638829519029e-09 2.529405241130142282e-09 1.107779708609300553e-09 1.756157205412990709e-07 1.003706390664348256e-08 3.343804174178225902e-09 4.421992869676180828e-09 2.051521618534229021e-10 2.937903039795074374e-13 -1.038613782094750570e-08
-1.609053874893622985e-07 -1.142200922079564743e-08 6.654742415104451303e-08 1.003706390664348091e-08 2.944555247995260869e-05 3.750983631820039891e-07 1.724706672985397091e-06 5.779109718588370692e-09 2.270638887283759993e-12 6.133711079520089546e-06
-1.549233790458874428e-07 -1.263278619185840306e-08 2.793858791463260887e-08 3.343804174178225902e-09 3.750983631820039362e-07 1.647156743851520082e-05 4.824209792119592010e-07 4.364140849644838888e-09 1.868603738449880488e-12 -1.641801777165458871e-06
9.087433812349845475e-08 4.333828172310653386e-09 1.094468770326839850e-08 4.421992869676180828e-09 1.724706672985397303e-06 4.824209792119592010e-07 9.131488089171491178e-06 5.893126790571234457e-10 6.896358644512239598e-13 -5.057380607626282098e-07
-4.447691871311687004e-10 2.355590182127247462e-10 -2.970069182290681625e-10 2.051521618534229021e-10 5.779109718588368211e-09 4.364140849644838888e-09 5.893126790571234457e-10 5.845981691981600980e-08 2.294752482264656787e-13 3.491626620834089334e-09
2.101478611100499770e-13 4.533480509274072632e-13 9.843511209517083941e-13 2.937903039795074374e-13 2.270638887283760801e-12 1.868603738449880085e-12 6.896358644512239598e-13 2.294752482264656787e-13 5.477599238910955628e-08 -5.714126669455034858e-12
-6.039105140202134596e-07 -1.952571843104410346e-08 -3.820695475934386188e-07 -1.038613782094750901e-08 6.133711079520089546e-06 -1.641801777165458448e-06 -5.057380607626281039e-07 3.491626620834087680e-09 -5.714126669455034858e-12 2.668526080745669892e-05
