1.418596694618043872e-06 6.000725766411114820e-08 -2.813114659955851834e-06 1.867810302103469870e-07 2.764677215077474199e-07 5.327583915581564641e-08 -7.368304473426828270e-09 5.651715778796587680e-09 -6.997981383428353454e-10 3.387636319964427697e-07
6.000725766411114820e-08 1.001942863643544551e-06 3.118232167833105677e-07 4.575158225257323018e-07 5.850848632358805246e-07 2.270009626244156058e-08 3.354369520094624603e-10 3.499819182800334025e-09 4.580763906176732698e-10 2.826278968404647109e-07
-2.813114659955851410e-06 3.118232167833107265e-07 2.416125280098430431e-03 4.545715043160262857e-06 1.660158668008216597e-05 -1.266664673159723043e-06 4.670711059696361995e-07 -4.289665368327847844e-07 -9.653425817840174076e-08 4.107831933267750908e-06
1.867810302103470400e-07 4.575158225257323018e-07 4.545715043160263704e-06 2.818915083936007995e-05 1.332630590086612296e-05 6.353809930173283532e-07 1.974594657871280450e-08 2.859689068845998786e-08 1.564094518926858883e-08 3.920433436873386191e-06
2.764677215077474199e-07 5.850848632358805246e-07 1.660158668008215920e-05 1.332630590086612296e-05 3.311539388012686903e-05 6.883590680154592100e-07 3.160058591927242639e-08 4.158745102612018190e-08 1.639634744167474390e-08 5.168944257624557730e-06
5.327583915581562656e-08 2.270009626244155728e-08 -1.266664673159723043e-06 6.353809930173283532e-07 6.883590680154592100e-07 9.331863281164672167e-06 9.106138804765655701e-09 -1.026309139497000817e-09 9.369359030016921962e-11 3.216866066733172240e-07
-7.368304473426828270e-09 3.354369520094622535e-10 4.670711059696361466e-07 1.974594657871280120e-08 3.160058591927242639e-08 9.106138804765655701e-09 1.245539458566227087e-05 3.358895027407570403e-10 1.949051595915586280e-11 5.703875334015204957e-08
5.651715778796587680e-09 3.499819182800334852e-09 -4.289665368327847844e-07 2.859689068845998786e-08 4.158745102612018190e-08 -1.026309139497001024e-09 3.358895027407569369e-10 1.430017874192433716e-07 1.558196395514863450e-10 3.358926680943673076e-08
-6.997981383428353454e-10 4.580763906176733215e-10 -9.653425817840178047e-08 1.564094518926858552e-08 1.639634744167474721e-08 9.369359030016919377e-11 1.949051595915588541e-11 1.558196395514863450e-10 4.795895667213789802e-07 2.603472924431928759e-09
3.387636319964428226e-07 2.826278968404647109e-07 4.107831933267747520e-06 3.920433436873386191e-06 5.168944257624558578e-06 3.216866066733171710e-07 5.703875334015202310e-08 3.358926680943672414e-08 2.603472924431929173e-09 1.289034032870253487e-05
2.572011419865404377e-06 2.680619960263278690e-07 -2.154080456148874182e-05 -1.221708083995796625e-05 -1.200104368840638188e-05 3.346697937787407021e-06 1.802402419599161269e-08 2.576320087383673465e-09 -1.907937253835134197e-08 1.953663196296314504e-06
2.680619960263278690e-07 1.026698520334653592e-06 -2.005302361810949004e-06 -2.215997851758932181e-06 -2.164947569728823877e-06 8.943364677990040569e-07 3.576375481934103923e-09 1.374154918472457611e-09 -3.114562921429725261e-09 4.551540899720504102e-07
-2.154080456148874182e-05 -2.005302361810949004e-06 4.084902775847439960e-04 1.285636918173876605e-04 1.264121746202769329e-04 -1.923209605627885865e-05 4.990124810143574001e-08 3.345727520468799794e-08 2.118828438917038817e-07 -1.535770802690976806e-05
-1.221708083995796625e-05 -2.215997851758932181e-06 1.285636918173876605e-04 2.148133315210957908e-04 1.952924111816343273e-04 -3.731059101063408893e-05 -4.593004919917842318e-07 -7.576751566324573169e-09 1.978217293467316722e-07 -1.564754626203691454e-05
-1.200104368840638188e-05 -2.164947569728823877e-06 1.264121746202769329e-04 1.952924111816343273e-04 2.124295463447785630e-04 -3.649221375330881763e-05 -4.487615151483741719e-07 2.028498053313923322e-09 1.975124275896650195e-07 -1.520331259333628990e-05
3.346697937787407444e-06 8.943364677990039510e-07 -1.923209605627885865e-05 -3.731059101063408893e-05 -3.649221375330881763e-05 2.673670830835508662e-05 3.614540614417051412e-08 2.426856814686888409e-08 -4.987908711544058921e-08 7.324558714255897213e-06
1.802402419599161269e-08 3.576375481934103923e-09 4.990124810143576648e-08 -4.593004919917842318e-07 -4.487615151483741719e-07 3.614540614417050750e-08 1.249128168316876188e-05 3.669748520516251271e-10 -4.301010999736388217e-10 9.140532596284013018e-08
2.576320087383675119e-09 1.374154918472457611e-09 3.345727520468801118e-08 -7.576751566324569860e-09 2.028498053313910500e-09 2.426856814686888409e-08 3.669748520516252305e-10 1.461124817661062311e-07 6.430764595471654691e-11 8.120778226847312275e-09
-1.907937253835134197e-08 -3.114562921429725261e-09 2.118828438917038553e-07 1.978217293467316722e-07 1.975124275896649666e-07 -4.987908711544058921e-08 -4.301010999736387183e-10 6.430764595471655984e-11 4.799403567671494975e-07 -2.798975982928769347e-08
1.953663196296313657e-06 4.551540899720505161e-07 -1.535770802690976806e-05 -1.564754626203691454e-05 -1.520331259333628651e-05 7.324558714255898908e-06 9.140532596284015665e-08 8.120778226847313930e-09 -2.798975982928769347e-08 9.487169258664220856e-06
8.929904688339462962e-07 6.101247050339291298e-08 1.657674729913538515e-08 6.276425426711629508e-07 8.203247989267966274e-07 1.378766094265974568e-10 -2.560578886686743442e-09 8.352058802726751294e-10 3.282269353615079211e-10 4.334289166091660540e-07
6.101247050339292622e-08 9.921660131022996227e-07 5.116296688853774897e-08 4.016013474842849586e-07 5.201785515594256906e-07 6.973836773138325276e-11 -1.258039764864127331e-09 3.033892538799237427e-10 2.060166469013717268e-10 2.800862205823340013e-07
1.657674729913541824e-08 5.116296688853772250e-08 4.820137254006346284e-04 -8.071744468456353502e-06 -6.391096829819480586e-06 -5.994399356620099840e-08 1.314882226427101812e-07 -1.446304206458213098e-07 -9.270791375210670679e-08 7.387106365543718999e-06
6.276425426711629508e-07 4.016013474842849586e-07 -8.071744468456353502e-06 2.492146123643995204e-05 1.079128681072744262e-05 4.488477937756067157e-09 -1.995954528050953402e-08 1.852372810509648341e-08 1.085015259407846733e-08 4.259828858207230563e-06
8.203247989267965215e-07 5.201785515594255847e-07 -6.391096829819480586e-06 1.079128681072744262e-05 3.051166400061040189e-05 5.272740178493391128e-09 -1.332855036200904407e-08 2.216485234992470873e-08 1.132512020338194193e-08 5.866455968844555391e-06
1.378766094265974051e-10 6.973836773138325276e-11 -5.994399356620099840e-08 4.488477937756067157e-09 5.272740178493389474e-09 8.864961881143982830e-06 2.439340925132633614e-10 1.424392063953309358e-10 2.835498471962888880e-11 2.877758441695849168e-09
-2.560578886686743028e-09 -1.258039764864127538e-09 1.314882226427102077e-07 -1.995954528050953071e-08 -1.332855036200904407e-08 2.439340925132633614e-10 1.244357921059419143e-05 6.679320857625374517e-10 1.913124941115295713e-11 3.429219220521265929e-08
8.352058802726751294e-10 3.033892538799235359e-10 -1.446304206458213098e-07 1.852372810509648341e-08 2.216485234992470873e-08 1.424392063953309617e-10 6.679320857625374517e-10 1.402501481248354075e-07 1.226526250716478717e-10 1.357779237390068404e-08
3.282269353615079211e-10 2.060166469013718044e-10 -9.270791375210670679e-08 1.085015259407846733e-08 1.132512020338194193e-08 2.835498471962888880e-11 1.913124941115297652e-11 1.226526250716478459e-10 4.795823421450169465e-07 2.059860033924212125e-09
4.334289166091660540e-07 2.800862205823339483e-07 7.387106365543714764e-06 4.259828858207230563e-06 5.866455968844554544e-06 2.877758441695849168e-09 3.429219220521265929e-08 1.357779237390068404e-08 2.059860033924212952e-09 1.099707936985031535e-05
8.628452640166899088e-04 1.830546543854136537e-04 1.270694044232408264e-03 -1.025054718719959403e-04 -1.000512176726936530e-04 -8.976680170933019733e-07 -3.612392176937997425e-06 -1.558102034626268132e-05 -4.885374189867276955e-07 5.146801988504171558e-05
1.830546543854136537e-04 8.461637551774118789e-05 3.815314660719841783e-04 -3.760912542452906477e-05 -3.561122011812546337e-05 1.576107128475622454e-07 -8.308586206587007699e-07 -5.836784173078759494e-06 -1.859713201510401499e-07 1.600311435763415030e-05
1.270694044232408698e-03 3.815314660719841783e-04 8.811631333082282566e-03 -4.700326285807337437e-04 -4.597976179313625076e-04 -1.946712398215532837e-06 -4.494669129055012742e-06 -3.893236371711022834e-05 -2.129762501457752011e-06 1.039236403945552025e-04
-1.025054718719959403e-04 -3.760912542452905799e-05 -4.700326285807337437e-04 1.623203713146931086e-04 1.539549753478260878e-04 2.532847113476714942e-07 5.897594262920338163e-07 -2.388220109656207388e-07 7.843346282444297691e-07 1.074587925670059284e-05
-1.000512176726936394e-04 -3.561122011812545659e-05 -4.597976179313625076e-04 1.539549753478260878e-04 1.799534256422109606e-04 3.526342685764524271e-07 6.310897176827253382e-07 -4.225751350827272169e-07 8.359049262315060582e-07 1.378186230265750336e-05
-8.976680170933022909e-07 1.576107128475622718e-07 -1.946712398215532413e-06 2.532847113476714942e-07 3.526342685764523212e-07 9.289179109284185761e-06 3.491945133820000319e-07 -7.721379113610014419e-08 2.180723112052110497e-09 8.800715257925610442e-08
-3.612392176937997425e-06 -8.308586206587007699e-07 -4.494669129055012742e-06 5.897594262920337104e-07 6.310897176827253382e-07 3.491945133820000848e-07 1.323746736381914797e-05 -1.163209078619634282e-08 4.521692341734124191e-09 -8.159398036951936749e-07
-1.558102034626268132e-05 -5.836784173078759494e-06 -3.893236371711022157e-05 -2.388220109656205270e-07 -4.225751350827275346e-07 -7.721379113610014419e-08 -1.163209078619635936e-08 2.152920653407583808e-06 6.754779748859397383e-09 -1.200935556385986381e-06
-4.885374189867276955e-07 -1.859713201510401499e-07 -2.129762501457752011e-06 7.843346282444297691e-07 8.359049262315060582e-07 2.180723112052110497e-09 4.521692341734121709e-09 6.754779748859395729e-09 4.862957797052705963e-07 1.021259222483409205e-07
5.146801988504172236e-05 1.600311435763415030e-05 1.039236403945552025e-04 1.074587925670059115e-05 1.378186230265750675e-05 8.800715257925606471e-08 -8.159398036951937808e-07 -1.200935556385985958e-06 1.021259222483409205e-07 3.357872482601389569e-05
9.267995320787385732e-06 4.866742674746021655e-06 -1.588204007361700647e-05 5.426469666677634773e-08 -4.632379770197147758e-07 7.226203423006972965e-07 4.751232353692474608e-07 7.891928542300419240e-09 5.387840829352515332e-09 8.560100354385819922e-06
4.866742674746021655e-06 3.932592759479024171e-06 -9.324923666109925766e-06 4.786304188577877504e-08 -2.327368252191791473e-07 4.279355644173731633e-07 2.849825625661217008e-07 3.833541830439075393e-09 3.099755989700367657e-09 5.086831971262115383e-06
-1.588204007361700308e-05 -9.324923666109925766e-06 7.325788349436069885e-05 -3.255978085750011628e-07 3.562096912162753333e-07 -1.659451387511985997e-06 -1.114894277401177253e-06 -9.208452162725446305e-08 -1.141174743136192469e-08 -1.984961580178647825e-05
5.426469666677626171e-08 4.786304188577876842e-08 -3.255978085750012687e-07 1.616488542120320359e-05 5.997326378534861416e-07 1.062043660789376012e-08 1.359318265357944958e-08 6.041738704494624683e-09 1.437098705829910568e-10 1.427297372380495378e-07
-4.632379770197147758e-07 -2.327368252191790679e-07 3.562096912162749098e-07 5.997326378534861416e-07 1.755292424040462844e-05 -3.175438085508795565e-08 -2.910517473202447542e-08 9.319692694326093279e-09 -2.436658289480046543e-10 -3.637972382123634434e-07
7.226203423006972965e-07 4.279355644173732162e-07 -1.659451387511985997e-06 1.062043660789376012e-08 -3.175438085508795565e-08 8.941606985331722139e-06 5.313157950598727112e-08 1.798266689205197278e-09 5.564800801881113870e-10 8.904971427309039845e-07
4.751232353692474608e-07 2.849825625661217537e-07 -1.114894277401177253e-06 1.359318265357944958e-08 -2.910517473202447542e-08 5.313157950598727112e-08 1.248754185671031471e-05 1.731499052834959277e-09 4.423944483495233510e-10 7.210747273129030553e-07
7.891928542300415931e-09 3.833541830439077047e-09 -9.208452162725446305e-08 6.041738704494625510e-09 9.319692694326093279e-09 1.798266689205197692e-09 1.731499052834959277e-09 1.435059847647998748e-07 7.339072881735445479e-11 3.545617375350958667e-08
5.387840829352518641e-09 3.099755989700367657e-09 -1.141174743136192966e-08 1.437098705829911602e-10 -2.436658289480045509e-10 5.564800801881111802e-10 4.423944483495233510e-10 7.339072881735444186e-11 4.795430168938156356e-07 7.370150504001007260e-09
8.560100354385819922e-06 5.086831971262115383e-06 -1.984961580178647825e-05 1.427297372380495378e-07 -3.637972382123633904e-07 8.904971427309039845e-07 7.210747273129033730e-07 3.545617375350958667e-08 7.370150504001007260e-09 2.108051887453261228e-05
6.930949154599494390e-05 -5.765774852167887104e-05 5.427168809999249758e-04 2.536551951820622272e-04 2.693502656810464594e-04 -3.869257601590705905e-05 -4.538057937019227309e-05 1.184799865774672112e-04 1.322335618977791769e-03 4.544979388569136221e-05
-5.765774852167885749e-05 1.221103806190433931e-03 -1.152822088547960809e-03 -6.210490770931364687e-03 -6.219436919093985876e-03 9.911389815753694841e-05 8.463689844290187014e-05 1.349923255846982107e-04 1.750520438620235385e-03 5.637107083022208391e-04
5.427168809999249758e-04 -1.152822088547960809e-03 6.806284903734328810e-03 9.193838064825118547e-03 9.327535631923480203e-03 -2.954810896222932011e-04 -2.535663765879962923e-04 5.850247665609260243e-04 6.198917553909157226e-03 9.169973605298249774e-05
2.536551951820621730e-04 -6.210490770931364687e-03 9.193838064825118547e-03 5.792928294003518025e-02 5.799358384598153615e-02 -6.792964121940361694e-05 3.420966800873826352e-04 -2.451288562973530892e-03 -2.963084522101163895e-02 -3.308778217998699020e-03
2.693502656810464594e-04 -6.219436919093986743e-03 9.327535631923480203e-03 5.799358384598153615e-02 5.812154389602200433e-02 -7.541881845000137741e-05 3.211349269437907593e-04 -2.427542339034268089e-03 -2.935156052832586099e-02 -3.301276735462909881e-03
-3.869257601590705905e-05 9.911389815753694841e-05 -2.954810896222931469e-04 -6.792964121940356273e-05 -7.541881845000137741e-05 5.814387835779207415e-05 5.883456792668399928e-05 -9.432940431848740642e-05 -1.059834723589973696e-03 7.439180997544713611e-06
-4.538057937019227309e-05 8.463689844290187014e-05 -2.535663765879962923e-04 3.420966800873826352e-04 3.211349269437907593e-04 5.883456792668399928e-05 1.002152895182469706e-04 -1.344807405622226021e-04 -1.538131702547339622e-03 -5.523769925647726534e-06
1.184799865774672112e-04 1.349923255846982107e-04 5.850247665609260243e-04 -2.451288562973530892e-03 -2.427542339034268089e-03 -9.432940431848740642e-05 -1.344807405622225750e-04 6.758449600887788669e-04 7.661724927414992857e-03 2.307829146074787151e-04
1.322335618977791769e-03 1.750520438620234952e-03 6.198917553909158093e-03 -2.963084522101164589e-02 -2.935156052832586099e-02 -1.059834723589973696e-03 -1.538131702547339838e-03 7.661724927414994592e-03 8.771414703950126956e-02 2.682813664582997179e-03
4.544979388569135543e-05 5.637107083022208391e-04 9.169973605298247063e-05 -3.308778217998699020e-03 -3.301276735462910315e-03 7.439180997544720387e-06 -5.523769925647724840e-06 2.307829146074787151e-04 2.682813664582997179e-03 4.045248141238343381e-04
1.202934904599558569e-05 4.606414862381479473e-06 4.117339732888964230e-07 1.061144866658103314e-06 1.293832479714132398e-06 3.121964076773493706e-07 1.943123072609799055e-07 1.054812407104867301e-08 1.544808058487126577e-09 4.026953073898559729e-06
4.606414862381480320e-06 4.893592126491210139e-06 3.362816960166467979e-05 9.029459134469560654e-07 1.170478292673289636e-06 2.784574056905974266e-07 1.829999202014001473e-07 5.279870747855819762e-09 1.284405846714329868e-09 3.715380150409340771e-06
4.117339732888950466e-07 3.362816960166467979e-05 4.998941516584022755e-03 1.925154976573926943e-05 2.845338502604677811e-05 2.809833744548219825e-06 1.949508499492697201e-06 2.322551303038581997e-07 3.373816317369794599e-08 2.840794306009700504e-05
1.061144866658103738e-06 9.029459134469560654e-07 1.925154976573926604e-05 2.438468473082087398e-05 1.064853987390834193e-05 8.688968008239873950e-08 5.011114603129543689e-08 6.248885264811146206e-09 2.860671421472391339e-09 -2.531889203593183701e-07
1.293832479714132398e-06 1.170478292673289848e-06 2.845338502604678150e-05 1.064853987390834193e-05 2.986492359746822380e-05 1.187353703240461815e-07 7.944168260342453997e-08 1.143837715595336432e-08 3.242507684655653531e-09 -1.592138588431170344e-07
3.121964076773493706e-07 2.784574056905974795e-07 2.809833744548219825e-06 8.688968008239876597e-08 1.187353703240461550e-07 8.921877320992919094e-06 3.816361599605860366e-08 5.320537737396780490e-10 3.027974732992366311e-10 6.116679296174202374e-07
1.943123072609799055e-07 1.829999202014001473e-07 1.949508499492697201e-06 5.011114603129545012e-08 7.944168260342452673e-08 3.816361599605860366e-08 1.247574624453179384e-05 8.399618412719098125e-10 2.665599464590435864e-10 5.060450711240722435e-07
1.054812407104867301e-08 5.279870747855818935e-09 2.322551303038581732e-07 6.248885264811147860e-09 1.143837715595336432e-08 5.320537737396780490e-10 8.399618412719100192e-10 1.478175336797233539e-07 1.419845536214444010e-10 2.011602767555707445e-08
1.544808058487126370e-09 1.284405846714330075e-09 3.373816317369794599e-08 2.860671421472391752e-09 3.242507684655653531e-09 3.027974732992366311e-10 2.665599464590436381e-10 1.419845536214444010e-10 4.795839733156370038e-07 5.010714885948747733e-09
4.026953073898558882e-06 3.715380150409341194e-06 2.840794306009701182e-05 -2.531889203593185818e-07 -1.592138588431183050e-07 6.116679296174202374e-07 5.060450711240722435e-07 2.011602767555707445e-08 5.010714885948747733e-09 2.296261627715417083e-05
2.561084178921309183e-06 1.670333600076722588e-07 2.126425162788048633e-06 6.305661320938288163e-07 8.722673900313555417e-07 5.274730944711828073e-09 -1.296949286822377751e-08 -4.299627067528929799e-09 -1.262421544148278827e-10 1.123830467582968545e-06
1.670333600076722588e-07 1.360531972826355047e-06 6.086520741505368064e-07 4.401127106681648660e-07 5.098504801978883074e-07 -2.888358426336769836e-08 3.798920175430137313e-08 -4.456279760129402695e-10 -2.456213599971112242e-12 6.800175697359777625e-07
2.126425162788049057e-06 6.086520741505368064e-07 1.743926098627222464e-04 1.577854858033377443e-05 2.105446165880560394e-05 1.503453055334730213e-06 2.726390127421283941e-07 6.666352062078101033e-08 9.029507465747837815e-09 2.046158576026333229e-05
6.305661320938288163e-07 4.401127106681648660e-07 1.577854858033377443e-05 2.704033196106110952e-05 1.315104521091567592e-05 7.793661516526440051e-07 3.315094499520703349e-08 7.491279434635566422e-09 5.038653120094356915e-09 5.773144281998252737e-06
8.722673900313555417e-07 5.098504801978883074e-07 2.105446165880560394e-05 1.315104521091567592e-05 3.190270513743878914e-05 9.373187561032448117e-07 4.966738621164409377e-08 1.006722656261375525e-08 5.501427997847301208e-09 7.410092978979647965e-06
5.274730944711828073e-09 -2.888358426336768844e-08 1.503453055334730213e-06 7.793661516526441110e-07 9.373187561032448117e-07 9.343854732087740041e-06 2.553690024213199973e-09 1.499876024828714231e-09 5.727777266273733820e-10 3.077952332230962054e-07
-1.296949286822377751e-08 3.798920175430136651e-08 2.726390127421283941e-07 3.315094499520703349e-08 4.966738621164409377e-08 2.553690024213199973e-09 1.241758640982768211e-05 8.015714810052853217e-11 6.474454737012413413e-15 6.821872299780451507e-08
-4.299627067528929799e-09 -4.456279760129399593e-10 6.666352062078099710e-08 7.491279434635566422e-09 1.006722656261375525e-08 1.499876024828713818e-09 8.015714810052853217e-11 1.386402147679973201e-07 2.232290687969613260e-11 -4.709325825035435822e-09
-1.262421544148278827e-10 -2.456213599971098106e-12 9.029507465747837815e-09 5.038653120094356915e-09 5.501427997847301208e-09 5.727777266273732786e-10 6.474454737013976935e-15 2.232290687969613260e-11 4.795374051406312668e-07 1.056842457182589375e-09
1.123830467582968545e-06 6.800175697359777625e-07 2.046158576026333229e-05 5.773144281998252737e-06 7.410092978979647965e-06 3.077952332230962054e-07 6.821872299780450184e-08 -4.709325825035435822e-09 1.056842457182588961e-09 1.557235216907643181e-05
7.356663521394018503e-03 2.148963594495448357e-03 1.586762129298844659e-03 9.677405312346419597e-03 9.764362876851222228e-03 7.651145879499571950e-03 4.986977829335718232e-03 1.091371117761268561e-04 1.889727037994209388e-06 1.663756296827760247e-03
2.148963594495448357e-03 1.356560494862322878e-02 4.868253273771584733e-03 -6.964716840667496689e-03 -6.975927088144361424e-03 -6.104811984091009988e-03 -9.308151967069102500e-03 2.753541143835030558e-04 6.241588380842192446e-06 4.610267674174594113e-03
1.586762129298844443e-03 4.868253273771584733e-03 9.429758047558450124e-03 -4.771247423098365532e-03 -4.689464514133542990e-03 -6.155408508549857841e-03 -4.479733732580079564e-03 9.308246282924515847e-05 2.333662240943914061e-06 2.395807895515252896e-03
9.677405312346419597e-03 -6.964716840667496689e-03 -4.771247423098365532e-03 9.946661904892251105e-02 1.002932176643064888e-01 7.365339236677041768e-02 6.030942881498026903e-02 -2.885133643791727297e-04 1.216313439831781323e-06 3.753267941408187317e-03
9.764362876851222228e-03 -6.975927088144361424e-03 -4.689464514133542990e-03 1.002932176643064888e-01 1.012162451603419583e-01 7.433791146142344763e-02 6.096966202539699092e-02 -2.934472293925890281e-04 1.262313090500413742e-06 3.827302085569220854e-03
7.651145879499571950e-03 -6.104811984091009988e-03 -6.155408508549857841e-03 7.365339236677041768e-02 7.433791146142344763e-02 7.534871632935762065e-02 5.806022605625205807e-02 -2.832199556685409121e-04 9.336082754286345606e-07 3.085210738857531269e-03
4.986977829335718232e-03 -9.308151967069102500e-03 -4.479733732580079564e-03 6.030942881498026903e-02 6.096966202539699092e-02 5.806022605625205807e-02 6.105223870469333319e-02 -4.310572146695160396e-04 -3.942210218930374780e-06 1.219288376711615040e-03
1.091371117761268561e-04 2.753541143835030558e-04 9.308246282924515847e-05 -2.885133643791727297e-04 -2.934472293925890281e-04 -2.832199556685409121e-04 -4.310572146695160396e-04 7.526218318356065840e-05 2.887987104704179297e-07 1.036342152434891877e-04
1.889727037994208753e-06 6.241588380842193293e-06 2.333662240943914061e-06 1.216313439831781958e-06 1.262313090500413530e-06 9.336082754286343488e-07 -3.942210218930375627e-06 2.887987104704179297e-07 4.919689891802883848e-07 2.622538024378518863e-06
1.663756296827760030e-03 4.610267674174594113e-03 2.395807895515252896e-03 3.753267941408186450e-03 3.827302085569219987e-03 3.085210738857531703e-03 1.219288376711615040e-03 1.036342152434891742e-04 2.622538024378518863e-06 2.470427929936683514e-03
5.142706257002453059e-06 1.618169616930453120e-06 -7.779720113391672519e-07 -1.101159979778420656e-07 -1.217210257526718820e-07 9.381667824348447676e-09 -3.573985821784145752e-08 3.101688991596569545e-09 -2.082096646613815232e-10 -9.798121187516437401e-07
1.618169616930453120e-06 4.648713635275295527e-06 1.647068288562917372e-06 1.058148027347014283e-06 1.312107315669621118e-06 4.603409813797079989e-07 2.921000672654344565e-07 -1.921679100275442095e-09 2.692697578777572629e-09 6.793888083513645383e-06
-7.779720113391672519e-07 1.647068288562917372e-06 2.370226939804709440e-05 1.018746707919231289e-06 1.319978099028482467e-06 3.022676436292168822e-07 2.347762589832174688e-07 4.624630600919048707e-09 2.576679833614131291e-09 5.922908298338393794e-06
-1.101159979778420789e-07 1.058148027347014283e-06 1.018746707919231289e-06 2.389033435627510222e-05 1.028368736917785037e-05 1.236528240214971129e-07 3.827907306674918894e-08 -2.813577042893237657e-09 9.618173145937377136e-10 2.826348462971712153e-06
-1.217210257526718291e-07 1.312107315669621118e-06 1.319978099028482255e-06 1.028368736917784868e-05 2.950979186464863248e-05 1.481348707084470554e-07 4.937426433595377506e-08 -1.115263754731194436e-09 1.074391557778767941e-09 3.462188762786657885e-06
9.381667824348442713e-09 4.603409813797079989e-07 3.022676436292168822e-07 1.236528240214970864e-07 1.481348707084470025e-07 8.950661493419828163e-06 5.681464237630277896e-08 -6.584509329150135775e-10 4.831565951536570133e-10 1.205352916485201244e-06
-3.573985821784145090e-08 2.921000672654344565e-07 2.347762589832174688e-07 3.827907306674918894e-08 4.937426433595377506e-08 5.681464237630277896e-08 1.249136912936480321e-05 -3.270648486473373947e-10 3.586327734093488324e-10 8.971520490488749438e-07
3.101688991596569545e-09 -1.921679100275442509e-09 4.624630600919048707e-09 -2.813577042893240139e-09 -1.115263754731195057e-09 -6.584509329150136809e-10 -3.270648486473374464e-10 1.396691040102791798e-07 3.993896848309849214e-11 8.964091523197925079e-10
-2.082096646613815749e-10 2.692697578777573043e-09 2.576679833614131291e-09 9.618173145937373000e-10 1.074391557778768561e-09 4.831565951536570133e-10 3.586327734093488324e-10 3.993896848309848567e-11 4.795427577201874473e-07 8.029915954956365593e-09
-9.798121187516437401e-07 6.793888083513646230e-06 5.922908298338393794e-06 2.826348462971712153e-06 3.462188762786657038e-06 1.205352916485201456e-06 8.971520490488747321e-07 8.964091523197968506e-10 8.029915954956365593e-09 2.906288847769819957e-05
1.925585411260324464e-04 2.821825658471093651e-04 2.030408545800974334e-03 4.058728113497264375e-04 4.504309779189627494e-04 1.992078294179618279e-05 1.873039113173794820e-05 2.915578215301832510e-04 -1.047322894987549782e-04 5.131751270455913241e-04
2.821825658471093651e-04 1.424571423794354121e-03 2.153495529658644263e-03 -2.959506988803128921e-05 2.025768502489130440e-04 9.646106502575397038e-05 9.842013652787862544e-05 2.186911473559143872e-03 6.139077117625166172e-05 9.305980645028722647e-04
2.030408545800974334e-03 2.153495529658644263e-03 3.388197919555018672e-02 5.029183324484091076e-03 5.493465687119985369e-03 1.927628040729007051e-04 1.564674647019792671e-04 4.239364441146023915e-06 -1.000631939118003721e-03 5.188200905830551643e-03
4.058728113497264375e-04 -2.959506988803128921e-05 5.029183324484091076e-03 1.094372141868087643e-02 9.492563425868936339e-03 3.922944167265367098e-05 4.053252338506121326e-05 -3.137818659107331006e-04 2.799411973996665678e-04 1.207771081826694353e-03
4.504309779189627494e-04 2.025768502489130440e-04 5.493465687119987104e-03 9.492563425868936339e-03 1.037650024695639661e-02 6.299155465237999459e-05 6.389990620813434962e-05 3.856563713781561552e-04 4.454245982281257650e-04 1.614872523248952032e-03
1.992078294179618279e-05 9.646106502575397038e-05 1.927628040729007051e-04 3.922944167265367098e-05 6.299155465237998104e-05 2.502981326927890022e-05 1.531060683317804475e-05 1.680549647418902979e-04 -2.245803521624813471e-05 7.054721070335119744e-05
1.873039113173794820e-05 9.842013652787862544e-05 1.564674647019792671e-04 4.053252338506121326e-05 6.389990620813434962e-05 1.531060683317804475e-05 2.875727512431906112e-05 2.945956043312002431e-04 -5.300725681769825267e-06 7.874801645008158441e-05
2.915578215301832510e-04 2.186911473559143872e-03 4.239364441146182310e-06 -3.137818659107332090e-04 3.856563713781561552e-04 1.680549647418902979e-04 2.945956043312002431e-04 2.988587111727597501e-02 1.560550716167381216e-03 2.301775390727378232e-03
-1.047322894987549375e-04 6.139077117625164816e-05 -1.000631939118003721e-03 2.799411973996665135e-04 4.454245982281257107e-04 -2.245803521624813471e-05 -5.300725681769826961e-06 1.560550716167381433e-03 1.590214988788819219e-03 7.132519500176787879e-05
5.131751270455913241e-04 9.305980645028720478e-04 5.188200905830551643e-03 1.207771081826693920e-03 1.614872523248952465e-03 7.054721070335117034e-05 7.874801645008157086e-05 2.301775390727378232e-03 7.132519500176787879e-05 2.235264578452461973e-03
2.074013006051853583e-06 7.293908614214700901e-07 5.699483841698956722e-06 7.066793927375265596e-07 8.999022191749629741e-07 5.895276187365630961e-08 2.608242725842299449e-08 2.170603505087699479e-09 1.355384391843690295e-09 9.444847261645906664e-07
7.293908614214700901e-07 1.525965442627620373e-06 2.609590403739260700e-06 5.038273866186687085e-07 6.511373454293416747e-07 3.891831509052628490e-08 2.761371237055386171e-08 1.098843812620087887e-09 9.788522640354168751e-10 7.658308031482744646e-07
5.699483841698956722e-06 2.609590403739260700e-06 7.267311496286628586e-04 -1.700851355483335391e-05 -2.413500353288923367e-05 7.672671984090050666e-07 7.753330416442152374e-08 -6.285473071569148010e-09 7.721417019216192147e-09 -2.074776023268468591e-05
7.066793927375265596e-07 5.038273866186687085e-07 -1.700851355483335052e-05 2.409876183161669051e-05 1.024764796157600671e-05 4.671064672297063229e-08 1.400636432553707768e-07 1.916571621584500352e-09 3.992018968033166538e-09 3.937955274129581213e-06
8.999022191749629741e-07 6.511373454293416747e-07 -2.413500353288924044e-05 1.024764796157600671e-05 2.920364466075144868e-05 6.169701911155740488e-08 1.493739863253910156e-07 3.637508697784863449e-09 4.943029814840070567e-09 5.296846131712604154e-06
5.895276187365631623e-08 3.891831509052628490e-08 7.672671984090051724e-07 4.671064672297062567e-08 6.169701911155740488e-08 8.899801395411617339e-06 2.133625278750914704e-08 4.760501969496248468e-11 9.923251135537549136e-11 1.168305183166051208e-07
2.608242725842299780e-08 2.761371237055386171e-08 7.753330416442158991e-08 1.400636432553707768e-07 1.493739863253910156e-07 2.133625278750914704e-08 1.284416358492423473e-05 7.325337826134071844e-10 1.273910894945606003e-10 2.613939665936430679e-07
2.170603505087698238e-09 1.098843812620087887e-09 -6.285473071569151319e-09 1.916571621584500766e-09 3.637508697784863449e-09 4.760501969496249761e-11 7.325337826134068742e-10 1.406090955187001723e-07 4.898654638515544801e-10 4.973678059149054669e-09
1.355384391843690295e-09 9.788522640354168751e-10 7.721417019216188839e-09 3.992018968033165711e-09 4.943029814840072221e-09 9.923251135537549136e-11 1.273910894945606262e-10 4.898654638515544801e-10 4.800266622790090586e-07 1.795087664468543996e-09
9.444847261645908782e-07 7.658308031482745704e-07 -2.074776023268469269e-05 3.937955274129581213e-06 5.296846131712605001e-06 1.168305183166051076e-07 2.613939665936430679e-07 4.973678059149055497e-09 1.795087664468543996e-09 2.514180053298837079e-05
4.981544182818573534e-06 3.451010141835006474e-07 -8.388038058404502891e-06 3.020287682717583136e-05 3.057423582280749174e-05 4.188980874128730493e-07 6.486378097749416123e-07 9.588200154377438813e-08 1.054229163120001162e-07 3.299137157074297810e-06
3.451010141835006474e-07 1.146256127533533058e-06 6.727358447384674819e-06 5.019395163592622463e-06 5.229587030090783765e-06 8.951850752288658797e-08 1.601912203408129564e-07 2.537989339365345879e-08 1.336900740747928721e-08 8.713999637384370823e-07
-8.388038058404502891e-06 6.727358447384676513e-06 7.992777370421635594e-03 4.970592801523441391e-04 6.060203055339041410e-04 -6.790222467446225639e-09 8.972720281719369690e-06 -2.044161562601210899e-05 -4.740293092386228486e-06 1.365878476855080762e-04
3.020287682717583136e-05 5.019395163592622463e-06 4.970592801523441391e-04 5.904894571632519906e-03 5.952055585065040184e-03 -3.698234382900592968e-06 -1.564884754000643541e-06 -4.557450190875065942e-05 -1.697808486704290261e-06 3.839908235623842110e-04
3.057423582280748497e-05 5.229587030090783765e-06 6.060203055339040325e-04 5.952055585065040184e-03 6.042945390929286426e-03 -3.503824399325158492e-06 -1.115092432578932616e-06 -4.576876682525041245e-05 -1.636658237306401413e-06 3.910171407425350448e-04
4.188980874128730493e-07 8.951850752288658797e-08 -6.790222467445688799e-09 -3.698234382900592968e-06 -3.503824399325157645e-06 1.020135372481658774e-05 1.258502577807323014e-06 1.725467484436435404e-07 -1.097192077922731906e-09 9.670635164385428656e-07
6.486378097749415064e-07 1.601912203408129564e-07 8.972720281719367996e-06 -1.564884754000643964e-06 -1.115092432578932404e-06 1.258502577807323014e-06 1.437594273658408670e-05 -3.900690692971232587e-08 1.281613853546062064e-08 2.018129486485197646e-06
9.588200154377433519e-08 2.537989339365345217e-08 -2.044161562601210560e-05 -4.557450190875065265e-05 -4.576876682525041245e-05 1.725467484436435669e-07 -3.900690692971232587e-08 2.807265482673650954e-06 2.194560452221480299e-07 -3.205279551213251640e-06
1.054229163120001162e-07 1.336900740747928886e-08 -4.740293092386230180e-06 -1.697808486704290473e-06 -1.636658237306401413e-06 -1.097192077922731906e-09 1.281613853546061733e-08 2.194560452221480299e-07 7.698052183155081263e-07 1.093394243696912621e-07
3.299137157074297387e-06 8.713999637384368705e-07 1.365878476855080220e-04 3.839908235623843195e-04 3.910171407425350448e-04 9.670635164385430774e-07 2.018129486485197646e-06 -3.205279551213251640e-06 1.093394243696912357e-07 5.397849237183237624e-05
8.823200551849200142e-07 5.133449955484353743e-08 3.307290355359958491e-08 4.312203344374955480e-07 5.430596282993684634e-07 2.282976000346776732e-09 5.331498491244614143e-09 5.705508894932869348e-10 5.551431971949929004e-11 3.246790244217685942e-07
5.133449955484353081e-08 9.894180657264950736e-07 3.520563137145783123e-08 3.336713966190959355e-07 4.200216690569364341e-07 2.086164320740762544e-09 2.427918618838211266e-09 2.512384977629457031e-10 2.009324236954192009e-11 2.570651120373951434e-07
3.307290355359957167e-08 3.520563137145781800e-08 5.455949552413224244e-05 7.356987238509604571e-07 9.196370150070552215e-07 2.000612598209847340e-09 6.550494204562444003e-09 -8.185184685501565867e-10 -2.356275825379975720e-09 4.646628358343301889e-06
4.312203344374955480e-07 3.336713966190959355e-07 7.356987238509604571e-07 2.184991846045941061e-05 7.606636774836431413e-06 2.888734973702323755e-08 1.380071844031216461e-07 2.115217567065057920e-09 3.824766348006695927e-10 3.787034017592221254e-06
5.430596282993684634e-07 4.200216690569364341e-07 9.196370150070557509e-07 7.606636774836431413e-06 2.603017472083145095e-05 3.214878598767587261e-08 1.431582734692220818e-07 5.631716927193029428e-09 9.677476371310912655e-10 5.188840507508346678e-06
2.282976000346776732e-09 2.086164320740762544e-09 2.000612598209848168e-09 2.888734973702323755e-08 3.214878598767587261e-08 8.882002124360124866e-06 1.327490297665212644e-09 2.759592662746476598e-11 1.264950261728452218e-11 2.592312524297924927e-08
5.331498491244614143e-09 2.427918618838211266e-09 6.550494204562445657e-09 1.380071844031216461e-07 1.431582734692220818e-07 1.327490297665212644e-09 1.249694215972109681e-05 3.611490852805590326e-12 2.364197325104187795e-11 7.032351935935772858e-08
5.705508894932869348e-10 2.512384977629457031e-10 -8.185184685501568969e-10 2.115217567065057920e-09 5.631716927193029428e-09 2.759592662746476598e-11 3.611490852805575786e-12 1.403669920583385998e-07 3.872719067162837640e-10 5.618489722200579909e-10
5.551431971949930297e-11 2.009324236954191363e-11 -2.356275825379976961e-09 3.824766348006694376e-10 9.677476371310910587e-10 1.264950261728452218e-11 2.364197325104188441e-11 3.872719067162837123e-10 4.798394855541586253e-07 1.908544088100569177e-10
3.246790244217686471e-07 2.570651120373950904e-07 4.646628358343301042e-06 3.787034017592221254e-06 5.188840507508346678e-06 2.592312524297924927e-08 7.032351935935772858e-08 5.618489722200578875e-10 1.908544088100570211e-10 1.275440756108961187e-05
1.278859175200538627e-06 7.064627703721489056e-08 -1.718792387317452468e-06 4.175446011354597650e-07 5.942748648446382286e-07 9.641349709383660028e-09 1.460452924403117429e-08 1.114354297676658842e-09 -1.293216914421819587e-09 6.368852278676480132e-07
7.064627703721489056e-08 9.909616120607521661e-07 1.248752936463639489e-07 3.391535150456113031e-07 4.256004343349136894e-07 1.242044923574406019e-09 2.933055833498168355e-09 7.549774422392299099e-10 4.203928430096247779e-11 1.784178843616325966e-07
-1.718792387317452468e-06 1.248752936463639489e-07 8.955790288414397873e-05 4.625269324762560575e-06 5.839709154332141239e-06 -6.343026840745210892e-08 -1.036146588085595149e-07 1.375365140656780744e-08 1.125969743720068027e-08 -3.739166137997859452e-06
4.175446011354597650e-07 3.391535150456113031e-07 4.625269324762560575e-06 2.446500662473988398e-05 8.319814035440816841e-06 2.279864640408893341e-08 3.687467759492389776e-08 1.084629407539330850e-08 3.722285240701989999e-09 2.287848200579549125e-06
5.942748648446383345e-07 4.256004343349136894e-07 5.839709154332141239e-06 8.319814035440816841e-06 2.885393247174149406e-05 2.515513225796524230e-08 3.756810235709735326e-08 1.546271097360805619e-08 4.078952579070947729e-09 3.109899117897959262e-06
9.641349709383658374e-09 1.242044923574405812e-09 -6.343026840745209568e-08 2.279864640408893341e-08 2.515513225796524561e-08 8.892656145005889474e-06 1.058344308956838038e-09 3.757413097491574079e-10 -2.603686962479978967e-11 2.879761243188889097e-08
1.460452924403117098e-08 2.933055833498168355e-09 -1.036146588085595149e-07 3.687467759492389776e-08 3.756810235709734003e-08 1.058344308956838038e-09 1.245454707156156093e-05 9.934827898538214550e-10 -5.202634286727868366e-13 3.377797829989326506e-08
1.114354297676659256e-09 7.549774422392299099e-10 1.375365140656780413e-08 1.084629407539330850e-08 1.546271097360805288e-08 3.757413097491573562e-10 9.934827898538216618e-10 1.413182017208494000e-07 8.492117811529435704e-11 9.640639712408893113e-09
-1.293216914421819793e-09 4.203928430096249071e-11 1.125969743720068027e-08 3.722285240701989999e-09 4.078952579070947729e-09 -2.603686962479977997e-11 -5.202634286727702768e-13 8.492117811529435704e-11 4.795546481877869418e-07 -7.134604384931862180e-10
6.368852278676480132e-07 1.784178843616325701e-07 -3.739166137997860299e-06 2.287848200579548702e-06 3.109899117897959262e-06 2.879761243188889097e-08 3.377797829989329153e-08 9.640639712408896422e-09 -7.134604384931863214e-10 9.980084284061225782e-06
